1000
419421 404323
472190 469859
811867 413360
219936 330730
467371 813122
463993 651150
239107 840338
290640 466728
297104 799582
927848 382446
746323 983886
960100 766307
634934 480916
759271 19082
952229 979073
658768 142116
782325 316959
656278 84926
697021 527060
363487 931780
744168 577516
759036 965183
201398 862494
459193 183380
536739 787815
133453 432353
954119 721353
516590 497599
178644 747275
334568 22292
976697 844282
321903 603189
433743 229803
933810 194326
966871 509764
204894 378206
769341 415316
183159 779260
879589 676218
344508 279124
573422 172075
322194 943000
938117 903390
724064 822895
554902 971486
435066 676266
278570 816953
100347 935332
147348 106213
515385 254518
157088 501003
550292 52870
45866 710168
524764 610690
282982 83755
109874 209227
430841 227569
4036 854197
154327 898049
679671 32807
997552 824056
22023 621201
335090 735846
199498 804185
27105 304932
951266 889646
817241 975199
867114 619663
815632 861107
837936 594814
868086 202137
568200 892188
598501 103248
817160 874097
96969 613809
180680 775523
267607 345416
155377 275763
540994 774619
309583 23092
606033 161438
395846 718459
610642 676704
216847 784217
661038 585804
887154 955583
875273 67797
58916 586766
450559 879588
929787 355512
60894 731236
871584 172516
370637 88870
512546 844054
943492 439908
801812 417111
792324 615306
417172 935427
551700 508193
365203 697298
991614 56190
756403 205788
813615 63788
241010 711991
452081 106876
154405 185783
490941 954549
928503 980923
147736 645430
990840 265064
569405 754840
915836 882712
285700 711771
503956 793862
875616 709072
13559 87380
688099 245729
101487 461898
503307 239659
164428 175622
503910 373723
540468 6782
333384 903152
542361 786167
580529 215863
28236 332935
495474 565748
631350 58241
488079 932947
1370 283066
79976 450438
847335 651050
434395 15829
646894 565268
237025 477522
859859 921003
492578 942200
392403 229260
13996 179017
257770 463849
570544 912624
558131 539637
665291 706982
413195 189837
40018 298041
863842 813390
533131 308077
421190 703027
277086 221602
962080 997420
805699 122123
241866 722448
494095 770305
843207 801685
824154 989133
733074 413850
127112 359394
575850 658116
563625 862521
685428 848995
228279 354144
920178 919797
285471 371013
825932 753661
556474 610968
145784 552074
921858 906698
657926 882078
931210 172225
139289 231841
97414 536860
537028 85078
304310 769302
679191 117391
254798 940116
360343 819723
289542 96163
226612 587506
211767 72134
365338 729665
599337 928875
883657 574398
241953 359898
522221 509834
549960 752840
59980 961083
866138 677124
67419 876472
590331 754272
585946 877608
32798 177510
427708 754633
167027 254774
413077 469328
739795 694662
865068 144957
3850 111303
185095 233269
338768 137953
400851 476176
820125 283033
694011 740360
30221 652330
537912 355279
890290 807177
655491 623007
200140 551799
820127 777347
821559 543692
504740 168386
365122 874989
983797 179501
415090 86933
757942 715246
437540 811980
307108 911268
824365 552935
373624 55552
198257 972676
463854 846457
689846 695301
866637 232916
311333 360287
327916 542872
3790 272587
767298 162978
966431 725375
642117 47623
935503 509251
344025 556907
637048 203444
632306 372912
565284 140011
949691 378043
647805 498990
916279 942553
537492 70146
494993 246631
775104 643104
101165 37344
204011 402365
761481 112553
212923 445689
738124 312774
866143 222967
861532 424355
678866 688496
636998 839818
826991 998381
929434 666984
777036 8858
209398 934861
992287 413158
721163 527988
900885 276697
505368 791028
493888 419740
751312 849855
986714 358090
798166 439920
670338 241159
407222 85901
943472 30812
987843 525304
167621 905732
575694 504183
277411 941500
25855 218185
956228 977155
266228 601543
773431 194417
954190 762972
19505 445155
705985 668567
31504 777289
734693 214205
296105 261085
507253 155319
443819 660716
429122 159065
885041 604206
321407 343129
237637 41728
654985 688660
478350 434903
766596 743744
698461 701410
345231 502145
803590 40001
418320 329151
192062 885703
598071 166547
560774 912629
865286 64461
852604 849133
664414 725985
489055 382198
782114 654723
233896 818615
16176 574882
591386 231313
318419 385177
25699 59505
585810 509975
377928 172694
186652 402534
481383 166083
797436 786824
541100 339560
564736 984293
123923 671503
857284 15530
409443 818906
705501 993506
29113 959936
661977 840208
502356 987261
726475 211671
682606 412195
412012 223344
643825 431048
846953 424980
215103 757643
451500 87555
813606 348842
462114 567558
446276 388603
561839 35891
576877 750390
255832 826226
289521 374572
420999 449604
21865 766764
763997 974365
141523 186596
659329 204987
542509 204540
608506 828000
381705 48464
220630 463036
101105 448293
390720 100360
695578 670354
220082 797243
120179 989986
223349 778067
983258 550524
468726 922242
713397 542337
730915 141748
114243 471542
34644 67303
2469 775865
788153 915753
541582 770299
775344 796938
542775 832128
547610 781145
706578 327406
56744 3524
255628 2382
888958 261764
168479 918708
8020 164676
189933 577075
859551 519551
296824 978181
13759 567662
583557 969386
920220 95488
431709 44732
598030 552602
586256 706717
747331 48712
773135 232505
451920 879931
528019 538632
540584 59904
492799 59509
623413 56325
810102 235266
583230 118121
668570 968120
236814 38199
769728 786228
52237 11412
248769 494965
362234 359413
304834 306284
563094 544755
83711 887962
6743 382816
175446 569431
919011 261106
962299 309967
742787 903427
553198 275304
938237 954914
563579 789399
888130 950484
72489 895639
150421 264826
565577 90473
915751 234176
198882 300362
688910 586495
224252 251958
668325 351862
818348 314014
136806 334652
262362 743795
864671 939495
275529 198504
300571 788514
141701 269448
837746 8079
630459 893008
535604 697017
995201 858153
742372 617605
319043 663147
602459 739785
573980 432042
324376 498499
805388 661427
376210 603707
214529 728777
583415 505394
168277 532858
446625 663442
503293 529995
978059 924607
968999 902041
350691 797159
278408 286801
37247 628140
10416 743525
663487 441673
380122 102759
330150 375276
658644 992172
589225 294657
555456 569561
171317 593924
32435 915323
777032 470994
303965 227979
196096 131984
542365 100437
546227 151609
554564 524249
808049 937588
368010 542206
902725 341236
608119 434337
261648 587659
723065 397802
293301 346679
961961 205986
809425 598136
815064 909651
672995 328868
688500 749385
619488 262372
114378 251395
302974 514684
997293 83145
898559 605977
697531 980110
634377 606408
121821 221739
949112 406602
802976 762762
757701 382762
704909 312356
113442 951182
552084 31559
550500 837239
51178 853137
430353 737056
441811 467586
341329 753339
534924 91373
183720 534
442852 835033
970308 454060
908425 335875
931756 345061
662885 111890
651403 269487
328433 280960
523283 444366
579365 212437
566252 450348
922588 333909
709447 754477
510412 843776
326436 355252
975238 687457
199837 423283
409212 778604
139667 812478
268209 894920
832525 844236
847404 28585
145750 382490
530187 790285
511588 384217
523248 783763
621175 950818
564641 334012
142944 601164
178065 508684
742746 941844
172898 165677
627081 688726
771573 612661
29210 561798
423785 979697
472196 98997
602120 80916
579608 450194
806889 216783
914184 613593
569681 906274
742651 591765
335807 926044
112557 401951
378398 482088
260623 632403
298122 171269
375287 663837
399141 92934
311466 905877
298332 92958
328057 726004
934482 433969
860197 550740
871208 519901
470650 511139
296124 653953
895358 987915
128584 961604
491728 700783
511973 886673
403522 204453
200996 393339
871444 459816
869523 263495
777558 532072
925912 116565
59658 255764
986927 66969
336307 618756
936458 365659
833615 339275
653678 389830
151815 791091
151217 849931
300762 882901
534064 511279
587230 645258
184302 398750
356950 445751
219301 465346
930833 881885
990885 605924
657367 582993
773749 632239
533128 880203
591070 952789
375951 583483
375027 437291
297275 977279
312286 676402
758618 372954
245608 901789
15211 906286
6301 845729
495883 33597
915354 962324
278396 76721
467260 278279
951584 698234
594563 954751
411518 453041
420784 506647
317653 855749
364622 522827
219487 761708
351499 692439
266374 226157
256488 798741
830462 11857
462279 194054
102532 581101
460285 831528
923142 678426
714146 711518
917603 166665
261550 949518
51262 813388
424295 891998
223717 720678
280527 559200
76482 130871
885663 460314
875877 219143
342347 682161
957497 999576
920461 361796
131154 806223
162055 105651
234977 656881
395808 744092
124393 697320
891611 250479
953015 278929
100766 824179
266626 640110
482422 302435
530586 489512
267228 13897
593435 207269
861643 821473
622798 388938
741488 894894
661321 184029
300005 915049
581251 537992
928959 185159
970737 949116
475300 712624
814495 99632
965717 385195
278105 145536
8707 825394
798125 964907
446868 748537
315685 764199
308215 982421
844030 760468
721016 675465
547130 352902
643078 383387
67101 79174
939067 341927
488439 980768
483873 656926
135531 522548
537598 601345
865696 390964
155103 613310
408998 144016
872291 864083
510111 154130
313204 963543
72330 814104
999432 243459
41182 400186
524147 677319
436494 286801
944833 65651
691958 476201
12608 200587
737430 367815
311933 210542
680891 232078
511805 984740
310549 227887
952213 773744
862161 703412
838835 707500
256063 278481
902754 816211
339015 221705
322446 435785
873633 117878
102998 551171
701564 94204
707748 639932
737033 164833
285928 866035
551223 345140
624460 165281
870185 619992
656617 528328
615258 91343
453081 366414
803452 785988
573328 30459
305543 794335
906849 99672
37570 303718
751799 366421
744717 304027
170149 600381
706076 850523
613701 674178
953291 179142
767433 478183
701595 668128
481450 721504
90446 655931
892714 800853
830599 507311
850518 648034
9835 103957
750887 732096
867434 673443
608647 207085
53698 995190
790429 80548
28049 69566
3653 478178
875907 195551
504599 889799
14738 474637
602054 211425
262166 843511
335398 852329
734179 274429
757546 444692
804638 168465
249420 433570
819695 171970
39556 567355
481561 194700
459214 636824
259250 496487
119199 81707
403229 94346
25618 175111
123648 849079
3954 547214
841216 250110
271407 966469
449796 347074
46121 173438
821087 964815
978629 841398
409999 911111
442509 535607
792108 510938
290656 702476
588214 868790
561239 761271
912360 673765
618601 141773
613848 974320
742328 439463
483504 83839
625873 15695
555518 765810
332132 467702
603866 968104
689196 327784
899699 882552
234756 548051
369702 15348
962490 595700
341774 940943
689186 130001
968252 444734
832567 727998
559937 920667
228691 393581
443078 97244
619448 79709
402131 767086
73707 216051
143457 871801
190400 890229
136889 840728
366989 921203
288438 366652
72999 353934
757147 684731
204388 894196
754679 531006
537014 405241
817829 651383
919617 176680
697732 455862
433785 246683
612303 927268
89121 394874
329301 735086
32800 856913
428148 547349
365072 82119
701753 754635
489167 291141
579339 601258
215301 491762
571075 696318
765798 728585
993507 802508
42103 567362
157929 577984
552397 123796
903341 817509
12015 139256
764271 934968
504601 185170
176216 832990
256769 663463
189038 623811
312069 31489
159399 367502
705705 432901
995741 834735
939316 925167
415891 62393
247616 326592
421233 535927
991920 681531
186815 677592
684690 509039
978742 190092
569807 820298
12325 193860
481294 435319
657974 870473
280028 798771
171990 206495
839727 214638
983296 613119
855085 942570
692638 668420
326372 500838
453833 369014
706833 876011
148708 262812
650571 230949
622062 722407
357727 56915
638229 53924
755907 986140
876634 2187
394207 830473
981125 939057
427966 25821
534797 559308
592661 672293
547066 120102
705065 680610
22763 971932
210586 856344
667700 297932
683995 392811
296623 894206
839667 423571
532359 739328
258840 233929
799612 905015
400614 205968
705160 885441
215529 302014
457526 669357
10126 543297
29024 912457
534584 751703
374987 80029
377186 639431
348306 276112
72577 429343
664938 149888
568561 883754
997853 933132
584325 468006
250132 501562
331688 459657
270317 565412
132405 972859
685250 851465
57393 192310
616619 401635
381522 983092
851072 843015
386286 506585
875483 311917
184595 622149
873259 158598
231120 677964
611698 536702
164902 185273
815108 622200
824877 498771
603327 944347
486514 120667
690764 301469
176731 138697
871305 142884
757050 538273
707566 862014
225862 247658
493083 999920
948860 342150
627228 160639
269259 599396
785080 478374
403125 272972
654018 122756
80124 11803
752274 833850
249434 912673
54369 547227
747346 60285
21473 724536
911673 780685
869722 135941
980535 399724
566556 111982
945276 886943
55934 59663
344604 851253
282335 831547
467493 131072
30209 463308
898694 262078
287866 114027
533687 229314
289209 644782
547726 333183
595984 47301
660559 371443
196441 624313
835443 977303
272748 649862
27770 796295
673944 686058
492797 140138
127454 588280
835329 448557
463731 659772
440497 952299
554485 725327
874297 500619
372766 4649
367989 274174
411379 307219
179171 824609
41712 808109
204704 919929
777397 357326
308977 467434
735758 824983
279092 695355
600612 433439
229870 306997
652142 632815
416999 944095
589854 170018
98840 586426
271903 800163
546960 832384
374444 833670
161188 134550
8527 588271
5283 27841
417703 579790
407786 979533
556303 941466
438301 766916
225074 435536
585520 973413
7126 329138
180676 32305
485004 179977
473465 77825
851173 156028
254627 855170
684154 715553
364159 440578
537363 412901
42391 426113
164572 526957
249737 940818
682198 628461
286822 207130
273684 449737
863025 684499
977942 934161
217314 849554
71798 266187
87513 341739
718076 237857
654062 211387
503570 759557
309908 259340
380508 838796
934584 636356
585107 716649
970540 704828
997821 312133
366146 283797
899430 607881
532715 176512
741797 27637
